1
3 6 1.30665e-15
5 7.96227e-17
6 2.19884e-16
7 1.70079e-16
9 9.59871e-16
10 3.87489e-16
11 5.10833e-16
4 2 1.28601e-15
9 1.22705e-16
10 8.96168e-17
5 4 1.14026e-15
3 7.96227e-17
6 1.5121e-16
9 1.94464e-16
10 8.4001e-17
6 4 1.08455e-15
3 2.19884e-16
5 1.5121e-16
9 1.2494e-16
11 4.44629e-17
7 2 1.29754e-15
3 1.70079e-16
11 4.32499e-17
9 5 1.9939e-15
3 9.59871e-16
4 1.22705e-16
5 1.94464e-16
6 1.2494e-16
10 3.69086e-16
10 4 4.45086e-16
3 3.87489e-16
4 8.96168e-17
5 8.4001e-17
9 3.69086e-16
11 3 9.03787e-16
3 5.10833e-16
6 4.44629e-17
7 4.32499e-17
12 0 0
-1 -1
