1
1 15 5.19483e-15
2 3.34394e-16
3 4.64463e-16
6 2.65077e-16
12 3.22239e-17
15 2.78023e-16
16 5.92954e-17
17 4.72697e-17
20 1.22371e-16
23 1.40457e-16
25 9.39681e-17
26 5.31581e-16
29 6.0091e-17
30 2.58716e-17
36 2.27194e-16
56 1.45389e-16
2 7 1.44361e-15
1 3.34394e-16
3 1.36302e-16
11 1.31274e-16
29 6.43051e-16
30 2.22358e-16
47 8.36385e-16
56 4.08761e-16
3 5 2.17694e-15
1 4.64463e-16
2 1.36302e-16
27 2.35058e-17
28 1.1316e-16
56 1.66488e-16
4 3 1.12959e-15
5 3.62274e-17
20 2.75666e-16
57 2.64097e-16
5 3 3.6188e-16
4 3.62274e-17
14 3.17624e-16
57 8.13322e-17
6 2 1.16614e-15
1 2.65077e-16
15 2.66907e-16
7 2 2.58194e-16
17 1.86716e-16
18 3.48791e-16
8 4 2.94334e-16
21 2.83134e-17
22 2.88987e-16
23 4.16384e-17
24 6.67447e-17
11 4 9.16727e-17
2 1.31274e-16
20 3.22332e-17
47 2.13806e-16
56 9.62654e-17
12 2 1.86333e-16
1 3.22239e-17
26 2.08315e-16
14 3 6.17643e-16
5 3.17624e-16
36 7.16299e-17
57 1.96828e-16
15 4 4.83364e-16
1 2.78023e-16
6 2.66907e-16
16 1.96681e-16
36 2.11606e-16
16 4 5.20076e-16
1 5.92954e-17
15 1.96681e-16
17 6.61713e-17
36 3.89714e-16
17 5 5.59766e-16
1 4.72697e-17
7 1.86716e-16
16 6.61713e-17
18 2.0111e-16
36 4.00191e-17
18 3 6.23708e-16
7 3.48791e-16
17 2.0111e-16
19 2.93655e-16
19 4 6.31075e-16
18 2.93655e-16
21 2.04963e-16
22 7.70952e-17
23 7.06833e-17
20 8 1.47436e-15
1 1.22371e-16
4 2.75666e-16
11 3.22332e-17
27 6.11922e-17
28 6.53159e-17
47 3.11126e-16
56 9.82465e-17
57 3.23697e-16
21 5 7.35976e-16
8 2.83134e-17
19 2.04963e-16
22 4.65907e-16
23 1.42575e-16
24 3.60374e-16
22 6 1.74373e-15
8 2.88987e-16
19 7.70952e-17
21 4.65907e-16
23 7.35144e-16
24 5.98103e-16
25 1.82332e-16
23 8 1.44668e-15
1 1.40457e-16
8 4.16384e-17
19 7.06833e-17
21 1.42575e-16
22 7.35144e-16
24 2.42157e-16
25 3.53281e-16
26 1.05577e-16
24 4 1.06473e-15
8 6.67447e-17
21 3.60374e-16
22 5.98103e-16
23 2.42157e-16
25 4 1.12153e-15
1 9.39681e-17
22 1.82332e-16
23 3.53281e-16
26 5.2942e-16
26 4 1.04963e-15
1 5.31581e-16
12 2.08315e-16
23 1.05577e-16
25 5.2942e-16
27 3 2.93625e-16
3 2.35058e-17
20 6.11922e-17
47 2.84563e-16
28 3 2.6751e-16
3 1.1316e-16
20 6.53159e-17
56 1.87634e-16
29 2 7.35163e-16
1 6.0091e-17
2 6.43051e-16
30 3 1.52109e-16
1 2.58716e-17
2 2.22358e-16
56 5.48709e-17
31 0 0
32 0 0
33 0 0
34 0 0
35 0 0
36 5 1.02392e-15
1 2.27194e-16
14 7.16299e-17
15 2.11606e-16
16 3.89714e-16
17 4.00191e-17
37 0 0
38 0 0
39 0 0
40 0 0
41 0 0
42 0 0
43 0 0
44 0 0
45 0 0
46 0 0
47 4 7.38931e-16
2 8.36385e-16
11 2.13806e-16
20 3.11126e-16
27 2.84563e-16
48 0 0
49 0 0
50 0 0
51 0 0
52 0 0
53 0 0
54 0 0
55 0 0
56 7 9.61049e-16
1 1.45389e-16
2 4.08761e-16
3 1.66488e-16
11 9.62654e-17
20 9.82465e-17
28 1.87634e-16
30 5.48709e-17
57 4 5.66608e-16
4 2.64097e-16
5 8.13322e-17
14 1.96828e-16
20 3.23697e-16
58 0 0
-1 -1
