1
3 2 1.51604e-16
5 2.28071e-17
17 1.37376e-16
4 3 1.13484e-16
5 1.31453e-16
17 2.21434e-16
19 1.01405e-16
5 8 1.39759e-15
3 2.28071e-17
4 1.31453e-16
6 3.32837e-16
7 1.3711e-16
9 6.43051e-16
10 2.22484e-16
17 8.3445e-16
19 4.12076e-16
6 6 2.49434e-15
5 3.32837e-16
7 4.56115e-16
9 6.0091e-17
10 2.60148e-17
19 1.30993e-16
20 1.80234e-17
7 5 2.14537e-15
5 1.3711e-16
6 4.56115e-16
18 2.3771e-17
19 1.67114e-16
20 1.20934e-16
9 2 7.28031e-16
5 6.43051e-16
6 6.0091e-17
10 3 1.51947e-16
5 2.22484e-16
6 2.60148e-17
19 5.76447e-17
11 0 0
12 0 0
13 0 0
14 0 0
15 0 0
16 0 0
17 4 8.03258e-16
3 1.37376e-16
4 2.21434e-16
5 8.3445e-16
18 3.01566e-16
18 2 3.26358e-16
7 2.3771e-17
17 3.01566e-16
19 6 9.88367e-16
4 1.01405e-16
5 4.12076e-16
6 1.30993e-16
7 1.67114e-16
10 5.76447e-17
20 1.9875e-16
20 3 2.77605e-16
6 1.80234e-17
7 1.20934e-16
19 1.9875e-16
21 0 0
-1 -1
