1
3 3 1.04454e-16
4 3.05996e-17
20 4.86358e-17
21 4.30571e-16
4 2 1.94451e-16
3 3.05996e-17
21 2.0745e-16
5 3 4.57515e-16
16 1.95292e-16
18 7.71132e-17
19 7.0984e-17
6 3 4.47833e-16
17 7.27552e-17
18 2.9618e-16
19 4.53892e-17
8 0 0
9 0 0
10 0 0
11 0 0
12 0 0
13 0 0
14 0 0
15 0 0
16 4 7.33611e-16
5 1.95292e-16
17 3.61614e-16
18 4.68821e-16
19 1.58884e-16
17 4 1.03604e-15
6 7.27552e-17
16 3.61614e-16
18 5.94386e-16
19 2.45235e-16
18 6 1.71131e-15
5 7.71132e-17
6 2.9618e-16
16 4.68821e-16
17 5.94386e-16
19 7.40523e-16
20 1.8225e-16
19 7 1.51214e-15
5 7.0984e-17
6 4.53892e-17
16 1.58884e-16
17 2.45235e-16
18 7.40523e-16
20 3.55876e-16
21 1.05863e-16
20 4 1.13179e-15
3 4.86358e-17
18 1.8225e-16
19 3.55876e-16
21 5.35162e-16
21 4 1.08348e-15
3 4.30571e-16
4 2.0745e-16
19 1.05863e-16
20 5.35162e-16
22 0 0
-1 -1
